18.5 19
762.4
289.3
188.7
17.1
426.7
921.2
135.3
830.8
608.6
800.3
489.2
274.2
16.5
387.6
827.3 120.12
268.0
497.0
892.5
14.3
785.2
908.4
317.8
419.9
636.9
58.5
177.3
410.4
355.7
538.3
469.2
857.6
733.6
83.2
849.2
882.3
742.0
157.4
158.5
156.2
293.1
537.0
849.3
239.2
69.4
935.6
523.3
720.8
877.6
900.0
128.0
882.2
716.3
305.2
241.6
611.2
3.1
809.7
449.2
360.1
725.8
907.7
496.7
764.0
724.3
901.3
83.1
668.2
748.6
595.3
100.3
304.2
122.1
274.8
922.3
225.9
493.2
332.2
251.5
186.8
173.2
412.0
989.3
411.2
235.6
722.8
698.1
223.8
90.8
628.4
898.1
257.8
458.2
574.7
379.9
670.4
378.3
21.7
887.8
447.4
970.1
672.1
788.8
549.7
909.5
971.0
86.5
712.1
290.3
435.8
979.6
949.1
93.0
298.7
327.5
994.3
825.8
149.2
145.0
998.2
654.9
992.2
776.9
467.8
852.3
245.7
498.9
279.4
946.8
439.6
795.5
561.6
288.9
704.8
337.1
808.4
765.4
731.6
581.7
92.6
467.0
70.1
144.0
895.8
307.8
6.3
799.0
83.1
564.2
617.4
336.5
940.1
205.2
342.5
619.6
264.8
484.8
560.5
882.3
79.9
959.2
173.2
793.6
793.8
113.2
331.7
455.3
527.4
98.0
696.1
360.3
219.4
110.2
80.9
675.7
374.7
292.3
604.0
863.5 30.4
742.9
261.5
14.8
357.4
950.0
484.9
653.7
518.9
79.5
675.6
293.3
285.4
284.3
862.6
975.4
112.2
582.1
614.1
78.1
175.7
870.9
583.8
384.9
24.8
435.3
574.1
127.9
307.1
995.4
888.7
479.6
969.2
425.1
284.7
843.6
967.1
691.4
369.7
875.4
629.5
970.5
977.1
446.3
423.3
785.2
649.5
993.4
378.0
907.2
776.9
82.3
152.6
505.2
478.4
801.4
250.6
869.2
661.1
497.4
143.1
710.9
369.4
640.4
248.7
659.4
274.8
873.3
281.1
95.7
955.6
573.5
302.1
329.2
809.6
530.8
942.7
493.0
661.3
315.9
402.3
637.4
52.9
497.5
574.6
954.8
477.2
199.5
390.1
410.7
307.9
842.5
992.9
349.8
785.0
811.4
809.8
958.5
465.5
992.1
60.9
652.2
520.0
154.6
538.4
277.5
964.4
739.6
532.6
704.7
592.3
374.5
783.0
709.7
293.1
609.4
175.4
691.7
816.9
723.7
625.7
330.8
646.5
87.2
290.0
679.0
920.5
429.6
921.1
412.5
586.5
66.1
268.5
800.8
835.3
962.9
716.4
499.4
487.5
415.3
436.7
522.5
31.7
721.2
549.1
253.7
999.4
188.8
119.7
184.7
634.3
758.3
496.8
76.4
589.9
41.0
440.8
139.5
48.8
738.6
977.6
778.2
379.2
28.0
56.2
362.1
88.4
525.0
909.7
611.6
328.4
188.4
60.2
284.7
626.5
972.3
502.7
650.5
924.1
404.2
888.8
483.9
817.7
368.4
952.1
387.3
36.7
494.0
776.7
3.9
728.4
278.4
70.3
138.2
977.3
881.8
342.5
611.9
617.1
810.1
919.3
791.9
629.5
839.9
905.0
381.2
170.5
733.0
118.7
493.6
841.3
531.8
227.7
434.1
918.1
855.8
800.1
167.7
221.2
921.0
298.7
280.3
799.1
222.0
706.6
109.0
826.8
141.1
479.5
802.7
165.0
767.6
939.5
798.6
180.7
193.8
940.6
326.1
247.8
477.5
931.2
982.6
605.1
19.2
270.0
586.0
712.2
660.6
987.2
540.3
834.8
883.6
400.0
468.3
774.4
506.4
800.7
773.2
417.8
676.5
842.3
657.1
155.7
685.3
543.8
675.1
93.0
708.1
806.4
979.5
947.6
223.7
727.9
755.6
147.1
318.7
961.9
905.7
122.0
210.1
789.7
96.1
477.8
127.1
569.3
437.3
621.7
894.8
471.9
567.5
694.9
420.0
823.0
983.5
845.0
878.0
907.4
754.1
882.9
472.4
519.0
377.6
103.6
620.0
643.3
302.0
336.5
809.0
667.1
634.4
625.8
720.3
304.1
77.5
455.3
576.9
824.6
746.2
42.3
494.4
338.2
667.7
509.2
769.3
840.0
295.0
706.1
121.2
538.8
11.2
62.7
403.0
656.5
910.7
116.1
2.0
877.9
819.9
827.0
75.3
960.7
93.9
830.7
424.6
571.8
403.4
436.0
386.9
598.6
819.8
840.5
684.9
981.5
786.3
534.4
651.5
435.2
619.3
23.0
247.6
391.8
212.6
492.7
330.6
431.0
682.9
143.6
584.7 330.1 2212.1 121.1
667.7
723.3
365.9
425.8
915.3
194.3
579.9
974.9
210.6
959.2
153.8
870.3
625.4
580.4
351.2
721.1
440.4
489.7
643.2
149.7
486.7
21.1
774.2
431.6
933.0
105.7
767.0
319.4
123.3
207.6
221.1
693.1
264.0
643.7
945.0
577.7
914.2
864.3
977.8
130.2
736.0
107.9
362.1
756.9
917.6
329.1
676.9
156.3
741.7
80.3
711.7
219.0
40.9
941.3
64.8
290.5
47.8
125.9
572.5
858.5
768.8
585.7
528.2
877.7
730.1
514.3
499.0
388.7
525.8
318.3
617.7
214.2
786.8
843.8
615.3
941.0
980.0
835.7
428.9
230.8
891.1
578.5
901.7
556.8
875.0
414.5
871.4
12.1
958.4
589.6
785.4
999.2
725.0
483.1
470.7
730.1
435.5
660.8
562.0
109.6
952.2
827.7
196.8
934.9
933.1
703.0
665.9
591.2
886.0
794.7
457.0
514.7
997.7
322.9
232.5
860.5
681.2
297.2
217.8
852.0
721.3
202.4
955.2
23.7
54.9
7.3
313.4
92.6
545.5
463.4
566.8
965.7
486.4
531.7
100.3
7.4
458.8
961.7
621.3
561.5
27.4
378.2
399.8
796.1
827.3
284.1
415.1
181.3
629.1
730.4
406.9
75.6
314.7
201.4
875.1
32.4
463.8
184.6
69.9
576.9
33.8
486.2
770.0
825.4
63.2
57.4
254.4
196.9
871.9
995.5
286.8
892.5
899.1
691.2
698.5
75.3
531.7
567.8
469.5
459.4
646.4
378.9
285.0
46.7
351.8
905.8
587.0
696.6
823.8
242.0
335.5
537.9
911.9
884.9
266.6
925.6
534.8
785.0
520.9
423.0
945.1
804.0
502.9
646.8
796.3
657.4
678.5
341.0
162.3
581.2
523.2
683.7
142.0
740.2
783.3
730.5
297.4
223.9
244.1
430.9
800.8
168.5
614.4
412.0
493.5
179.1
256.9
664.8
704.8
897.6
693.8
939.2
439.2
960.1
8.3
984.5
265.8
552.2
869.4
981.0
924.9
72.1
583.7
873.1
999.4
78.2
519.6
848.0
955.0
491.9
243.1
405.6
129.4
759.6
241.0
716.6
569.8
980.7
999.3
453.5
40.2
266.5
611.4
139.1
784.8
789.1
557.7
180.4
81.6
850.4
369.7
592.8
552.9
79.0
109.5
976.4
384.8
67.8
189.1
570.0
939.7
13.0
997.3
709.7
183.6
463.0
124.4
319.9
584.2
297.4
389.5
666.5
426.8
196.7
714.2
277.4
117.6
22.2
644.6
936.8
73.1
994.1
695.2
562.0
837.5
974.8
949.7
63.8
884.6
21.2
781.1
908.0
660.4
238.3
347.4
647.7
234.4
476.4
556.1
743.2
796.8
588.1
294.6
195.2
551.3
221.1
745.3
82.1
352.0
76.9
632.9
31.0
655.0
825.6
204.5
602.6
437.1
423.5
643.1
834.0
562.0
405.4
606.9
60.2
501.9
1.7
616.1
467.4
898.2
553.5
499.5
191.4
827.8
508.8
825.3
670.9
630.8
496.7
115.5
191.3
82.5
84.1
272.4
953.1
819.5
449.1
922.2
793.3
283.1
30.2
276.7
768.5
826.5
536.2
24.9
105.6
592.0
52.1
526.3
539.4
261.1
144.9
440.1
534.6
947.9
781.7
921.2
677.4
658.5
499.3
842.6
866.9
850.2
667.4
821.7
872.7
803.7
355.6
257.5
405.8
872.5
613.3
11.2
723.6
566.4
53.3
43.0
515.8
535.0
847.1
967.5
422.5
576.7
736.7
714.0
791.0
403.5
175.0
255.5
711.1
891.7
23.3
89.5
337.5
243.4
460.2
223.1
215.0
657.6
96.0
352.3
2.0
246.0
594.2
919.5
541.9
140.1
71.1
153.7
463.5
459.8
382.1
336.5
160.7
259.2
863.1
866.9
419.6
163.4
287.9
962.3
119.4
452.3
622.0