1789
9720
5685
9655
1597
6091
7937
7151
1881
2306
9421
6869
5194
9579
4783
7739
5244
4171
3501
8556
5008
3676
8934
3945
3488
1338
1991
2367
8852
2292
4633
1895
3915
9669
6498
8313
8612
2394
4529
5543
4972
3380
2289
1780
4738
4417
9203
5309
6308
8598
6238
4696
8367
7592
7783
5362
7232
4005
1784
1677
7751
3844
2988
2345
6544
1410
3755
5786
1100
9806
2727
7028
5382
1525
9305
4611
2023
7174
7798
1830
8958
4655
8604
9523
9192
9697
6878
3663
1256
1421
6893
4293
7964
9670
8953
2290
4993
5938
8700
8808
3233
5717
3940
3039
6991
4170
4079
6469
5781
8472
4978
3710
1691
9027
9560
3343
7191
6041
6058
8111
4999
9825
2185
8378
1885
3185
9300
9367
4198
1432
7734
5720
3471
6538
7619
1500
9550
2839
9265
7844
5644
4765
1006
2947
6055
8425
3300
9062
7892
2325
5975
5954
7510
7966
5982
8801
5440
1259
7477
3627
9322
2968
1383
9336
6126
6894
3255
7984
4403
4750
3504
8798
7000
8295
4673
9077
9594
3577
2057
2349
2388
9629
7733
8682
1727
6693
6819
2357
7896
4683
1615
2323
3839
5706
1767
4707
5077
8366
8891
8010
7034
4390
6308
4651
6617
8522
2398
5320
1893
3753
6346
2531
1323
1915
4967
8837
3983
9014
5962
8637
2177
2904
2940
8329
9013
9518
6369
3370
4863
2751
1882
3690
5144
2682
3137
6689
4823
5411
2515
4113
5785
3517
1337
6861
1448
9504
2959
7557
2944
3983
5132
4369
6366
3007
6639
6006
1579
7353
1322
7254
7790
8654
5675
9798
4633
4565
6043
3383
1646
8542
5769
3032
5793
7876
2469
2668
1636
4889
9712
6517
5869
3343
9711
2530
3477
7330
5411
3300
7754
3745
2138
9178
4670
9686
2845
4257
6281
4042
2598
5629
1412
3153
6705
1254
7528
9701
8777
4007
9938
6026
7649
2202
7004
7439
3306
4474
5501
7240
4013
4797
7989
7540
1655
4064
5159
2941
3461
4134
7747
2888
5390
5414
6475
4466
6909
2821
7919
7978
4355
7482
9047
9723
3729
2465
6707
3512
8480
7031
8939
7899
8701
4508
1958
9786
5508
4653
9025
5405
9632
6272
8631
2712
4032
3200
2585
4792
2205
8653
2927
1788
4315
3156
5175
5975
1958
8500
5044
5630
2369
1258
1643
5181
1726
9226
2230
6499
6449
2294
6214
6057
9890
9573
4866
5701
6062
3657
2938
7037
2173
7311
4426
9061
1460
5873
1717
5204
5473
5376
5151
7319
4765
5047
1932
8032
2858
4509
4970
4782
5627
1268
4000
7532
3452
4414
7741
2533
5098
5190
4501
4003
9469
1689
7778
2153
7497
4477
5698
5274
3274
1716
4790
1021
2883
9844
4775
2735
1801
8160
3138
6058
3894
4035
4330
1110
5944
4347
2475
3619
8564
9100
6851
5167
9403
1865
3581
6230
1532
5482
2575
4309
3244
7665
7575
1720
1793
4692
1306
7586
9094
3340
9115
5465
7832
9395
3805
1415
4414
1622
7220
5225
1399
2393
6596
2729
2631
4976
7253
9189
3781
8994
1144
4397
8661
5958
1026
2509
1674
9765
1268
4250
5554
5783
3079
1317
4796
2852
7197
6996
6637
4900
4780
1798
9782
4035
8797
8162
6627
8169
1942
5275
6597
4665
9195
7215
5180
4645
5831
1903
5276
7021
9499
4206
7871
7167
8464
1624
5274
8916
3887
7689
8700
4185
7151
9663
8605
8831
7508
2925
1159
4045
4249
5016
5361
7187
9132
3205
5191
9064
4236
6857
3719
7322
5287
5210
9461
9722
7474
5318
1316
2217
9768
2124
3775
8975
7822
1789
8276
6764
5865
9029
4330
3743
4903
7886
8520
4045
6942
5724
2717
8573
4529
7892
8881
9510
4643
5372
8246
6156
3159
2266
8215
1635
9784
4236
2524
2031
2058
6954
7885
6555
2584
6802
7993
9716
4604
3891
3744
5116
6747
2586
6333
1989
8672
3045
6680
5320
6825
3418
1014
6282
3422
7000
9960
3007
3361
1474
3781
1475
3736
9759
1357
8843
3534
2979
9175
5888
7736
5094
9173
6553
7667
6167
3788
7310
7626
5495
5922
8886
9324
9803
8473
1294
4797
6548
6035
5965
5217
9305
7786
6477
3285
6914
9483
1578
1515
5465
6581
6373
8064
5048
2682
8274
4072
4958
8500
7167
2069
4424
4952
3412
4235
3855
6041
6911
2629
5784
4064
1240
5957
9951
5113
8146
4198
3472
3002
5579
1112
2258
8355
8553
7746
7391
9889
5987
4465
9162
5686
2800
1187
4975
7439
5781
4995
3877
7881
1580
7648
9390
4915
5439
9138
4899
3561
7132
5834
1656
2146
9757
6724
8130
2568
8608
7190
9411
4216
8557
8767
4608
4234
8337
8398
3969
6378
4436
3820
3273
8616
6022
7167
1516
7004
2747
9058
4732
2298
3058
8501
8867
5497
7609
2407
2223
8420
9931
9894
2475
9506
5247
7968
4665
4977
6334
8850
1033
4287
6724
4644
5653
3674
8287
2944
8047
2966
8180
5902
7516
9890
4123
2602
2280
6051
2660
9063
7577
3329
1236
2972
6153
2681
8401
8422
5429
2961
9013
9619
5537
2265
8755
6184
7523
4759
6780
7699
9506
5484
6006
7713
1860
7078
8726
1396
4984
4232
2442
2177
3830
6019
5237
1688
1876
2273
6879
4424
2140
8203
3829
8938
7195
3816
7962
4544
5851
4763
8397
8425
5318
9104
6093
9597
3444
9306
9433
4641
6779
8204
4094
4523
9673
5311
1185
3716
6619
3313
2926
4295
4247
8673
9541
3811
9457
9219
6358
1614
4442
8274
4867
8148
2104
4208
6638
8435
2722
9678
3117
3694
5728
4686
1891
2497
3707
6961
3305
1963
9989
6570
1780
1261
2515
1984
8567
8332
4578
4642
4785
2561
5164
9898
6459
6182
9117
2123
2097
4323
6382
2073
5336
6567
6796
2628
8629
5447
1270
7664
8974
3007
1978
7780
6334
5312
4300
5039
3567
8286
6361
6182
7989
1000
3728
2690
2786
9844
6715
6583
4184
1119
3981
1691
6496
1517
5682
8165
8602
4779
3722
4080
4036
7808
5415
2523
1676
4168
8049
2453
1369
9005
3679
8596
2367
3060
3715
4069
6436
3665
3428
2630
8119
9060
2116
3082
9073